	Saponin	Crenarchaeota	Euryarchaeota	AC1	AD3	Acidobacteria	Actinobacteria	Armatimonadetes	BHI80-139	BRC1	Bacteroidetes	CD12	Caldiserica	Caldithrix	Chlamydiae	Chlorobi	Chloroflexi	Cyanobacteria	Deferribacteres	Elusimicrobia	Fibrobacteres	Firmicutes	Fusobacteria	GAL15	GN02	GN04	Gemmatimonadetes	H-178	Hyd24-12	KSB3	Kazan-3B-28	LD1	Lentisphaerae	MVP-21	NC10	NKB19	Nitrospirae	OD1	OP1	OP11	OP3	OP8	OP9	PAUC34f	Planctomycetes	Proteobacteria	SAR406	SBR1093	SC4	SR1	Spirochaetes	Synergistetes	TA06	TM6	TM7	Tenericutes	Thermotogae	Verrucomicrobia	WPS-2	WS2	WS3	WS4	WS5	WS6	WWE1	ZB3	[Caldithrix]	[Thermi]	unclassified_Bacteria	unidentified_Bacteria
1	0.94	0	0	0	0	404.6666667	966	0	0	0	5241.333333	2	0	1	18.66666667	5	192	314	0	4.666666667	0	1138.666667	302.6666667	0	0	0	47	0	0	9.666666667	0	0	0.666666667	0	0	0	30	48.66666667	0	0.666666667	0.666666667	1	0	0	71	33280.66667	0	1.666666667	0	0	0	0	0	57.33333333	73	21.66666667	0	411.3333333	10.33333333	0	18	0	0	0	0	0	0	186.6666667	7.666666667	2.666666667
2	1.07	0	0	0	10.33333333	279.5	942	3.166666667	4.5	1	4589.833333	0	0	0.5	67.83333333	1.5	174.6666667	128.6666667	0	4	0	647	82	1.166666667	5.333333333	0.666666667	64.33333333	0	0	4.5	0	0.333333333	0.166666667	0	0	0.166666667	10.5	76	0.166666667	1	0	2.166666667	0	0	57.66666667	34666.83333	0.166666667	10.83333333	0.5	0	0	0	0	54	19.16666667	54.5	0	446.3333333	11.5	1.166666667	3	0	0.833333333	1.5	0	0	0	376.1666667	56.66666667	6
3	1.06	0	0	0	0	272.3333333	1430.5	3.333333333	0	1.666666667	7264	0.166666667	0	0	153.6666667	6.166666667	206.8333333	180.8333333	0	2.5	0	767.3333333	140.3333333	0	4	0	47.16666667	0	0	4.166666667	0	0	1.333333333	0	0	0.833333333	21.33333333	49.5	0	2.5	0.833333333	5.166666667	0.5	0	53	30631.5	0.666666667	14.33333333	0.833333333	0	0.5	0	0	118.3333333	152.8333333	204.6666667	0	914.1666667	8.833333333	2.166666667	2	0	0	3.833333333	0	0	0	170.8333333	12.5	13
4	1.42	0	0	0	0	356	923.1666667	0.5	0	2.833333333	8707.5	0	0	0	92.33333333	0	292.3333333	129.3333333	0.333333333	0.833333333	0	334.1666667	433.5	0	0	0	15	0	0	7.333333333	0	0.166666667	1.5	0	0	0	10.33333333	76.5	0	2.333333333	0	4.666666667	0	0	61.16666667	29972.66667	2	7.5	0.166666667	0	1	0	0	95.33333333	79.66666667	56.83333333	0	856.3333333	6.166666667	0	1.833333333	0	0	2	0	0.333333333	0	308	19	10.33333333
5	0.86	0	0	0	0	29.66666667	397.6666667	0	0	0	9727.333333	0	0	0	63.66666667	1.333333333	27.66666667	32.33333333	0	0	0	186.3333333	23.33333333	0	6.333333333	0.333333333	4.333333333	0	0	0	0	0	3	0	0	0	2	7.666666667	0	0	0	0	0	0	24.33333333	31968.66667	0.333333333	6.666666667	0	0	3	0.666666667	0	26	16.66666667	67.66666667	0	190.3333333	3	0	0.333333333	0	0	0.666666667	0	0	0	28.33333333	13.33333333	8
6	0.9	0	0	0	0	607.6666667	1244.666667	5.666666667	0	0	9127	0.666666667	0	0	49	0	462.6666667	128.3333333	0	1.666666667	0	828.3333333	14.66666667	0	2	0.333333333	51.33333333	0	0	16.33333333	0	1	0.666666667	0	0	1	13	55	0	3.666666667	0	3.666666667	0	0	104	26566.33333	0.333333333	3	0.666666667	0	0	0	0	92.66666667	31.66666667	597.6666667	0	2549.333333	3.666666667	0	1.333333333	0	0	0.333333333	0	0	0	217.3333333	71	13.33333333
7	1.33	0	0	0	0	59.5	273	0	0	1.5	24552.5	0	0	0	31.5	0.5	28	44.5	0	0	0	294	20	0	5.5	0.5	7	0	0	1	0	0	0	0	0	0	5	5	0	0	0	0	0	0	7.5	17151.5	0	6	0	0	1	0	0	16	34.5	4	0	278.5	1.5	0	0	0	0	0	0	0	0	33	5.5	3
8	1.24	0	0	0	0	12	1065	6	0	0	1658	0	0	0	26	0	0	117	0	0	0	1252	0	0	0	0	0	0	0	0	0	0	0	0	0	0	0	71	0	0	0	0	0	0	49	34812	0	0	0	0	0	0	0	0	6	3552	0	29	20	0	0	0	0	0	0	0	0	141	52	3
9	1.08	0	0	0	3.333333333	944.6666667	3988.5	0.833333333	0	4	1516.166667	0	0	0	66.5	3.166666667	485.5	272	0	2.666666667	0	673.5	1.833333333	0	3.5	0	114.8333333	0	0	29.33333333	0.333333333	0.166666667	0	0	0	0	33.5	75.33333333	0	2.666666667	0	6	0	0	118.8333333	33184.16667	7	11.16666667	0	1.5	39.66666667	0.5	0	171	90.5	47.66666667	0	675.1666667	21	3	3.5	0	3.333333333	8.166666667	0.333333333	0	0	230.5	16	9.666666667
10	1.15	0	0	0	1.333333333	1463	4623.333333	3.166666667	0	5.833333333	1406.166667	0	0	0.833333333	64.66666667	2.166666667	679.8333333	257.6666667	0	4.5	0.166666667	389.8333333	7.5	0	7.333333333	0	71.16666667	0	0	67.66666667	0	0.5	0	0	0	0.5	58	83	0	10	0	2.833333333	0	0	153.3333333	31560	0.5	5.333333333	0	0.166666667	8.5	0	0	172.5	138	298.6666667	0	1008.5	19.33333333	1.333333333	3.333333333	0	1.166666667	2	0	0	0.5	256.5	17.83333333	12.5
11	1.14	0	0	0	0	941.8	3696.2	1.2	0	2	1334.4	0	0	1.6	78.2	0	530.6	283.2	0	3.2	0.6	308.4	4.6	0	2.8	0.2	68.6	0	0	65.2	0	0	0	0	0	0	93.2	67	0	5.8	0	5.2	0	0	140	33824.4	0.6	6.8	0	0	5.8	0	0	141.8	82	30.6	0	714.4	6	0	8.2	0	2	5	0	0	0	378.2	23.6	7.2
12	1.31	0	0	0	0	180	1798.25	0.25	0	2.25	4964.75	0	0	0.75	27.5	7	120.25	189	0.25	0.75	0	143.75	20.5	0	19.25	0.25	91	0	0	0	0	0	1.75	0	0	0	0.5	12.5	0	1.25	1	2.25	0	0	34.25	30967.75	0	2	0	0	3.25	0	0	60.25	64	4.25	0	4056.75	5.5	1	4	0	2	4.25	2.25	0	0	36	26.25	12.25
13	1.22	0	0	0	0	167.6666667	1563.333333	2.666666667	0	4	4088	0	0	0.166666667	20.33333333	4	188.1666667	169.1666667	0	2.833333333	0	414	10.33333333	0	7.166666667	0.333333333	57	0	0.666666667	1.666666667	0	0	2.333333333	0	0	0	1.666666667	36.66666667	0	0.5	0	2	0	0	47.16666667	33141.5	0	2.833333333	0	0.166666667	2.5	0	0	47	59.16666667	10.5	0	2619.666667	8	0.333333333	5	0	1.333333333	1.5	2.333333333	0	0.333333333	158.6666667	8.666666667	9.666666667
14	1.21	0	0	0	0	237.8	2660	0	0	0.6	2672.2	0	0	0	81.8	1	222	359.4	0	0.6	0	175.8	1.8	0	4.4	0	32.4	0	0	3.2	0	0	3.8	0	0	0.2	2	24.8	0	2.2	0	0	0	0	79	31918.2	0.6	1.2	0	0	1.6	0	0	134.4	113.6	5.6	0	3989.6	14.6	0	1.6	0	3	3.8	1.2	0	0	95	17.8	4.2
15	1.41	0	0	0	0	449.5	2111.375	3	0	2.375	3371.875	0	0	0	87.375	3	322.875	473.375	0.625	2.375	0.125	439.25	21.75	0	7.375	0.125	130.5	0	0	2.75	0	0	0.5	0	0	0.625	1.25	37.625	0	2.25	0.125	2.625	0	0	99.875	31597.5	0	6.75	0	1	36.75	0	0	160.625	125.875	21.625	0	3172.875	8	0.875	8.5	0	1.5	5.625	0.125	0.5	0	127.125	13.375	7.875
16	1.22	0	0	0	0.25	239.5	2312.375	0.125	0	3.25	4232.875	0	0.125	0	68.125	2.625	245.25	327.375	0	0	1.5	261.125	5.75	0	6.125	0.125	61	0	0	2.25	0	0.125	1.375	0	0	0.625	1.875	32	0.375	1.375	0	1.125	0	0	78.125	30688.875	1	3.375	0	0	50.125	0	0	110.875	101	10.125	0	3882.5	8.875	0	2.5	0	0.375	1.875	1.5	0.125	0	97.125	15.375	8.625
17	1.3	0.166666667	0	0	0	117.6666667	8384.333333	0	0	2	3694.666667	0	0	0	13.66666667	0.666666667	541.1666667	580.5	0	0	0	336.6666667	3.166666667	0	0.833333333	0	22.16666667	0	0	3.166666667	0	0	0.166666667	0	0	0	1.333333333	17.83333333	0	0.5	0	0	0	0	69.16666667	27774.33333	0	0.666666667	0	0	0	0	0	35.66666667	305.6666667	42.16666667	0	837	2.833333333	0	2	0	2	4.333333333	0	0.166666667	0	56.66666667	12	5.666666667
18	1.3	0	0	0	0	210.5	6294.5	2.25	0	0.75	5233.75	0	0	0	12.75	2.25	767.25	272.25	0.25	1.25	0.75	171.5	23.75	0	0.5	0	68.75	0	0	8.5	0	0	0.5	0	0	0	3	21.5	0	1	0	0	0	0	73.75	28203.75	0	0	0	0	0.5	0	0	17.5	178.5	220.25	0	971.25	7.5	0	18.25	0	1.25	2.25	0	0	0	28.5	29.5	20.75
19	1.41	0	0	0	0	133.5	6301.666667	0.333333333	0	1.166666667	4474	0	0	0	16.33333333	1.333333333	933.5	310.6666667	0.333333333	0	0.833333333	306	24.83333333	0	0	0	41.33333333	0	0	5.833333333	0	0.666666667	0.5	0	0	0	1.5	19.16666667	0	1.333333333	0	0	0	0	106.8333333	28611.66667	0	1.666666667	0	0	0.5	0	0	25	217.8333333	51	0	1167.166667	7.333333333	0	10.5	0	3	4.5	0	0.333333333	0	59.5	20.5	8.833333333
20	1.4	0	0	0	0	114.5	7906.666667	1.833333333	0	0	4949.333333	0	0	0	23	1.166666667	729.1666667	556.8333333	0	0.166666667	0.5	111.1666667	6.333333333	0	1.333333333	0	28.5	0	0	3.333333333	0	0.166666667	0.333333333	0	0	0	1.166666667	16.66666667	0	1.333333333	0	0	0	0	92.83333333	26818.83333	0.166666667	0.166666667	0	0.333333333	1	0	0	23.16666667	324.3333333	25.16666667	0	1024.166667	3.5	0.333333333	9.666666667	0	2.166666667	5.833333333	0	0	0	61.66666667	16.83333333	7.333333333
21	1.26	0	0	0	0	236	9908	0	0	1	3500	0	0	0	9.333333333	2.333333333	760.3333333	205.3333333	0	0	0	129.3333333	4	0	0	0	105.3333333	0	0	10.66666667	0	0	0	0	0	0	0	18	0	2.666666667	0	0	0	0	91	26715.33333	0	1.333333333	0	0	0	0	0	18.66666667	319.3333333	13.66666667	0	735.3333333	1.666666667	0	33	0	0.333333333	6.666666667	0	0	0	15.33333333	20.66666667	6.333333333
22	1.41	0	0	0	0	114.3333333	6240.666667	0	0	1	3900.666667	0	0	0	26.33333333	2	808	495.3333333	0	0	0	319	12.33333333	0	0	0	33.66666667	0	0	7.333333333	0	0	0	0	0	0	0	19.66666667	0	0.333333333	0	0	0	0	82.33333333	28806	0	1	0	0	0	0	0	31.33333333	217.3333333	124	0	1507.333333	9.333333333	0	4	0	4.333333333	8.666666667	0	0	0	44	26.66666667	24
23	1.37	0	0	0	0	92.5	2651.5	1.375	0	3.375	6285.375	0	0	0	37.125	1.375	282	529.25	0	0.125	0.875	213	24.75	0	4.25	0	39.125	0	0	6.375	0	0	0.5	0	0	0.125	0	37	0	1.25	0.125	0	0	0	77.5	29774.25	0.125	0.625	0	0.25	8.125	0	0	39.875	120.5	368.5	0	1993.125	20.625	0	0.125	0	3.25	3.75	0	0	0	102.625	139.875	6.5
24	1.33	0	0	0	2.166666667	88.66666667	2662.666667	0	0	6.333333333	7103.666667	0	0	0	16.5	1.166666667	214.6666667	460.5	0	0.666666667	0	369.3333333	51.83333333	0.166666667	7	0	40.16666667	0.166666667	0	4.333333333	0	0	1.666666667	0	0	0.166666667	0.666666667	22.5	0	0.833333333	0	0.166666667	0	0	65.16666667	30131	0	0.166666667	0	0	2.333333333	0	0	38.83333333	127.6666667	120.1666667	0	1219	12.5	0	2.666666667	0	1.833333333	2	0	0	0	63	23.33333333	5.333333333
25	1.09	0	0	0	0.5	76.33333333	2286	0.166666667	0	3.666666667	7700.333333	0	0	0	29.83333333	4.333333333	198.8333333	473	0	2.833333333	1.833333333	480.6666667	17.33333333	0	5.666666667	0	30.33333333	0	0	1.333333333	0	0	2.833333333	0	0	0	1	41.66666667	0	0.666666667	0	0.166666667	0	0	97.16666667	29583.83333	0	2.833333333	0	0	3	0	0	39.83333333	132.8333333	33.33333333	0	1402.166667	15.66666667	0	1.666666667	0	3	2.166666667	0	0	0	95.5	94	4.666666667
26	1.06	0	0	0	0	79	2576	0	0	4	8066.666667	0	0	0	18	1.333333333	275.6666667	586.6666667	0	0	1.333333333	1143.333333	160.3333333	0	2	0	33.66666667	0.333333333	0	6.666666667	0	0	5.666666667	0	0	0	0.333333333	20	0	2	0	0.333333333	0	0	75.33333333	28611.66667	0	1.666666667	0	0	7	0	0	40.66666667	112	45.33333333	0	878.6666667	12	0	2.333333333	0	2.333333333	2.666666667	0	0	0	57.33333333	19.33333333	19.33333333
27	1.07	0	0	0	0.333333333	77.66666667	2200.666667	0.333333333	0	9.666666667	9327.333333	0	0.333333333	0	22	1.333333333	192	312.3333333	0	0	0.333333333	165.3333333	34.66666667	0	5.333333333	0	44.66666667	0	0	3.333333333	0	0	1.333333333	0	0	0.333333333	0	40.66666667	0	0.333333333	0	0	0	0	70.66666667	28524.33333	1	2	0	0	5.666666667	0	0	28.33333333	105	57	0	1522	19	0	1.666666667	0	3	2.666666667	0	0	0	43.66666667	41.66666667	3
28	1.13	0	0	0	0	47.66666667	1383.666667	0	0	4.333333333	11213	0	0	0	16.66666667	6	118.6666667	272	0	0	1.333333333	150.3333333	14.33333333	0	14	0	20.66666667	0	0	2.333333333	0	0	0	0	0	0.333333333	2.666666667	81	0	0	0	0	0	0	62.66666667	27750.33333	2.333333333	1.666666667	0	0.333333333	29	1	0	17.66666667	59.66666667	44	0	1397	17.66666667	0	0.666666667	0	1	1.666666667	0	0	0	30	97.33333333	8
29	1.08	0	0	0	0	84	2975.333333	0.333333333	0	3.333333333	5721	0	0	0	45.33333333	0.833333333	275.6666667	563.5	0	2.333333333	0.833333333	563.5	24.16666667	0	2.5	0	48.16666667	0	0	6.833333333	0	0	2.666666667	0.833333333	0	0.666666667	1.666666667	32.5	0	0.333333333	0	0	0	0	91.5	29680	0	2.333333333	0	0.5	2.833333333	0	0	59.16666667	168.3333333	173.1666667	0	2149.166667	36.5	0.666666667	1.5	0	1.166666667	3.666666667	0	1	0	106.6666667	26.33333333	10.16666667
30	2.32	0	0	0	0	173.7142857	1461.142857	0.428571429	0	0	2009	0	0	0	37.57142857	0.142857143	198	954.8571429	0	0.285714286	0.142857143	240.5714286	13.57142857	0	0.857142857	0	9.714285714	0	0	5.714285714	0	0	0.857142857	0.571428571	0	0	2	23.42857143	0	1.285714286	0	0	0	0	60.28571429	31032.14286	0.285714286	0.428571429	0	0	0	0.142857143	0	249.5714286	34.71428571	10.71428571	0	6278.857143	3.142857143	0	0	0	0.571428571	2	0	0	0	42.42857143	10.85714286	11
31	2.74	0	0	0	0	222.5	1593.5	0	0	2.666666667	4373.833333	0	0	0	39.83333333	0.333333333	243	722.3333333	0	1.5	0.833333333	480.1666667	108.5	0	0	2.166666667	19.16666667	0	0	5.666666667	0	0	1.5	0	0	0.166666667	1.833333333	58.5	0	2	0	0	0.5	0	84.16666667	29978.66667	0	0.166666667	0	0.166666667	0.5	2	0	188.5	42.83333333	454.6666667	0	4020.333333	6.666666667	0	0	0	1.5	1.666666667	0	0	0	192.8333333	7.833333333	8
32	2.5	0	0	0	0	185.1666667	1164	0.666666667	0	1.333333333	5467.333333	0	0	0	31.83333333	1.333333333	178.5	709.6666667	0.5	0.666666667	0.333333333	269.6666667	120.5	0	35.5	0	27.16666667	0	0	1.166666667	0	0	0	0	0	0	1	25.83333333	0	2.166666667	0	0.5	0	0	81.33333333	29149	0	0.5	0	0	0.833333333	0.166666667	0	176	31.66666667	144.8333333	0	4942.833333	6.333333333	0	0	0	0.5	0.333333333	0	0	0.166666667	81.33333333	16	14.33333333
33	2.42	0	0	0	0	124.6666667	1138.333333	0	0	1.833333333	5960	0	0	0	38.16666667	2.166666667	116.6666667	534.8333333	0	1.666666667	0.333333333	283.8333333	26.83333333	0	1.666666667	0	10.16666667	0	0	3.166666667	0	0	1.833333333	0	0.333333333	0.166666667	1.166666667	18	0	1.166666667	0	0.333333333	1.333333333	0	62.16666667	30584.66667	0.5	0	0	3.333333333	3.333333333	2.166666667	0	179	25.83333333	65	0	3593.5	5.833333333	0	0	0	1	1.166666667	0.5	0.166666667	0	34	33.16666667	7
34	2.44	0	0	0	0	142.75	846.75	1.25	0	0.75	2721.5	0	0	0.75	24.5	2.75	123.5	530.75	0	0.5	0	207.5	61.5	0	4	0	20.25	0	0	3.5	0	0	0.5	0	0	0	3.75	19	0	1.75	0	0.75	0.75	0	51.5	32545.75	0	0	0	0.5	1	0.25	0	100.25	51.75	24	0	5255.5	5	0.75	2.75	0	1	1	0	0	0	85.25	16	9.75
35	2.58	0	0	0	0	135	1232	0	0	0	4261	0	0	0	19	0	209	878	0	0	0	379	8	0	2	0	1	0	0	5	0	0	0	0	0	0	3	19	0	2	0	0	0	0	55	31411	0	0	0	0	0	0	0	184	41	19	0	3816	1	0	2	0	0	0	0	0	0	115	66	8
36	1.76	0	0	0	0	78.5	2681.5	0	0	0.5	3367.5	0	0	0	55	3.5	38	890.5	0	0	0	180	2	0	1	0	15	0	0	0	0	0	0	0	0	0	3.5	46	0	0	0	0	0	0	1080.5	33033.5	0	90	0	0	0	0	0	60	110.5	0	0	753.5	130.5	0	2.5	0	0	2.5	0	0	0	199.5	12.5	33
37	1.76	0	0	0	3.666666667	23	3420.666667	3.333333333	0	0	2225	0	0	0	87	0	60	1769	0.333333333	0.333333333	0	168.3333333	8.666666667	0	9.666666667	0	3.333333333	0	0	0	0	0	0	0	0	0.333333333	0.666666667	72.33333333	0	0	0	0	0	0	88.33333333	33010.33333	0	11.66666667	0	0	2.666666667	0	0	73	123.6666667	1	0	959.3333333	203.3333333	0	0	0	0	8.666666667	0	0.666666667	0	519.3333333	9.666666667	3.666666667
38	1.59	0	0	0	0	111.6666667	6086.666667	0	0	1.333333333	3196	0	0	2	105	9.666666667	131.3333333	564.3333333	0	1	0	40.66666667	0	0	3.333333333	0	3.333333333	0	0	0	0	0	0.666666667	0	0	0	0.666666667	14	0	0.666666667	0	0	0	0	879	29333	0	63	0	0	0	0	0	144.3333333	139.3333333	1	0	1762.333333	193	0	1.666666667	0	0	8	0	0	0	49.33333333	11.33333333	13.33333333
39	1.63	0	0	0	0	100.5	1924.5	0.5	0	13.5	5334.5	0	0	0	342.5	27	703.5	1159	0	1.5	0	302.5	0	0	21.5	0	69.5	0	0	0	0	0	0	0	0	2.5	0.5	83	0	0	0	0	0	0	469.5	28852.5	0	124.5	0	0	3	0	0	88	107.5	0.5	0	2536.5	195.5	0	2.5	0	0	137.5	0	0	0	213	33.5	20.5
40	1.58	0	0	0	12	89	1251	0	0	0	2473	0	0	0	534	2	84	826	0	0	0	147	0	0	0	0	16	0	0	0	0	0	0	0	0	0	7	51	0	0	0	0	0	0	243	33664	0	106	0	0	0	0	0	561	82	0	0	2177	247	5	1	0	0	10	0	0	0	277	6	0
41	1.74	0	0	0	2.583333333	37	884.9166667	0.166666667	0	0	18893.41667	0	0	0	19.83333333	0.416666667	59.41666667	104.3333333	0	2.083333333	0	158.75	2.5	0.833333333	2.25	0.166666667	2.583333333	0	0	1.25	0	0	0	0	0.083333333	0	1.5	30.66666667	0	0.916666667	0	0	0	0	20.41666667	20158.08333	0	0.5	0	0	0	0	0	55.66666667	10	4.583333333	0	2190.333333	5.583333333	0	0.333333333	0	0.166666667	0.166666667	0	0	0	131	86.66666667	1.833333333
42	1.85	0	0	0	1.3	236	4292.7	0.7	0	8.5	2886.3	0	0	0.3	89.7	0.4	434.5	764.8	0	2.3	0.3	445.6	90.7	0	1.6	0	29.8	0	0	15.1	0	0.3	1.7	0	0	0.4	3.5	56.6	0	4.2	0	1	0	0	61.9	30554.3	0	8	0	0.2	0.2	0	0	323.4	88.8	561.2	0	1748.5	29	1.1	1.8	0	1.4	2.8	0	0.5	0	101.3	13.3	5
43	1.28	0	0	0	0	154.6666667	3887.666667	0.333333333	0	1.333333333	2621	0.666666667	0	0	100.6666667	0.333333333	350.6666667	285.3333333	0	1	0	637.6666667	194	0	0.333333333	0	1.333333333	0	0	11.33333333	0	0.666666667	4.333333333	0	0	0	1.666666667	37	0	7.333333333	0	0.333333333	0	0	49	28797.33333	0	1.333333333	0	0	0	0	0	265	68.33333333	14	0	5286.666667	10.33333333	0	0	0	1.333333333	3	0	0	0	55.66666667	12	7.333333333
44	1.4	0	0	0	0	76.75	2809.25	2.5	0	1	4134.5	0	0	0	30.75	0	161.25	197.5	0	6.5	1.75	287.5	21.75	0	8.25	0	3	0	0	3	0	0	0.25	0	0	0	4	56	0	4.5	0	0	0	0	20.5	32994.75	1.5	0.75	0	0	0	0	0	142.75	27.25	313	0	1349.5	5	0	0	0	0.5	1	0	0	0	186.75	16	1.75
45	1.34	0	9	0	0	70.33333333	2596	11.66666667	0	0	2171	0	2	0	50.66666667	18.33333333	287.6666667	249.3333333	0	7.333333333	0	2012.333333	2.333333333	0	0.666666667	0	4.666666667	0	0	2.333333333	0	0.666666667	1.666666667	0	0	0	0.666666667	73.66666667	0	3.666666667	1	12	9.666666667	0	44	30818.33333	0	0.666666667	0	0	17	377	13	136.3333333	47.66666667	38.66666667	10.66666667	3506.333333	8.333333333	0	1	0	2	34.66666667	96.33333333	0	1.333333333	98	11	10
46	1.24	0	0	0	0	40.66666667	2423.333333	1.666666667	0	2.333333333	5237.333333	0	0	0	42.33333333	0	132	301	0	1.333333333	0	239.6666667	71.66666667	0	3.333333333	0	2.666666667	0	0	5.666666667	0	1	1	0	0	0	0.333333333	21.33333333	0	2	0	0	0	0	32.66666667	26860.33333	0	1	0	0	0	0.666666667	0.333333333	119.3333333	23	13	0	7105.333333	7	0	0	0	0.333333333	0	0	0	0	161	8.666666667	7.666666667
47	1.3	0	0	0	0.333333333	126.2222222	4510.555556	0.666666667	0	1	1731.777778	0	0	0	63.88888889	0.222222222	390	519.5555556	0	0.333333333	0	243.2222222	4.444444444	0	0.888888889	0	6.222222222	0	0	9	0	0.666666667	0.111111111	0	0	0	0.888888889	34.22222222	0	2.444444444	0.111111111	0.777777778	0	0	41.77777778	28874.44444	0.444444444	1.111111111	0	0	0	0	0	200.4444444	100.3333333	15.33333333	0	5885.333333	14.11111111	0	0.222222222	0	1.111111111	3.777777778	0	0	0	56	14.11111111	14.88888889
48	1.28	0	0	0	0	105.7777778	3955.555556	1.777777778	0	0.666666667	2144.555556	0	0.333333333	0	89.55555556	0	294.8888889	365.4444444	0	1	0.444444444	253.4444444	8.666666667	0	1.555555556	0	3.222222222	0	0	8.222222222	0	0.555555556	0.555555556	0	0	0.111111111	0.111111111	26.88888889	0	3.666666667	0	0.444444444	0	0	26.44444444	28192.55556	0.222222222	0.444444444	0	0	1.555555556	2.333333333	0.111111111	209	79.33333333	55	0.111111111	6923.666667	15	0	0	0.111111111	1.888888889	2.666666667	1.222222222	0.444444444	0	72.44444444	11.77777778	7.222222222