Sample	Chao1	Simpson	Shannon	Pielou_e	Observed_species	Faith_pd	Group
BCD_101	3254.29	0.993342	8.77449	0.776423	2523.5	232.621	BCD
BCD_102	1851.28	0.989461	7.92191	0.746246	1569.1	165.686	BCD
BCD_103	2086.73	0.987552	7.48291	0.708149	1516.9	146.183	BCD
BCD_104	1917.76	0.987407	7.52303	0.716839	1442.9	147.182	BCD
BCD_109	2025.14	0.990742	7.89226	0.744777	1548.7	232.539	BCD
BCD_119	1072.78	0.654593	3.83588	0.392522	874.6	105.164	BCD
BCD_121	2355.72	0.991255	7.98915	0.743817	1711.3	162.426	BCD
BCD_130	1812.84	0.986435	7.67798	0.728294	1491.4	155.566	BCD
BCD_136	1345.87	0.967725	6.94296	0.678862	1198.8	103.119	BCD
BCD_138	2885.92	0.993472	8.63076	0.774895	2253.6	196.374	BCD
BCD_14	2203.37	0.988628	7.78883	0.730392	1622.5	154.269	BCD
BCD_28	1468.58	0.979473	7.39438	0.716307	1281	132.07	BCD
BCD_31	2541.43	0.992289	8.60318	0.777401	2144.8	194.097	BCD
BCD_34	2371.17	0.986025	7.83054	0.721723	1845.6	189.569	BCD
BCD_38	2939.94	0.990947	8.63109	0.770862	2347.2	246.9	BCD
BCD_4	2109.89	0.981735	7.41582	0.696317	1607	193.233	BCD
BCD_45	1767.44	0.990699	8.03038	0.759181	1528.3	157.394	BCD
BCD_47	628.454	0.969686	6.49708	0.702583	607.8	82.1375	BCD
BCD_5	1360.32	0.990552	7.93314	0.769536	1268.6	133.719	BCD
BCD_53	2027.62	0.988826	7.74117	0.725265	1633.4	158.48	BCD
BCD_55	1952.66	0.993285	8.35117	0.784224	1605.7	178.776	BCD
BCD_56	2312.6	0.983617	7.83116	0.718298	1914.1	172.144	BCD
BCD_60	1847.13	0.978419	7.07361	0.67827	1378.6	130.658	BCD
BCD_6	2045.06	0.974493	7.36519	0.695055	1548.5	183.394	BCD
BCD_62	2320.88	0.991284	8.17129	0.75855	1749	169.94	BCD
BCD_67	2344.74	0.990577	7.92431	0.739548	1681	169.517	BCD
BCD_71	2632.59	0.991173	8.06679	0.741568	1882	170.163	BCD
BCD_76	1672.3	0.987304	7.69353	0.739685	1352.2	137.424	BCD
BCD_84	2609.25	0.990441	8.12997	0.741634	1995.1	171.05	BCD
BCD_86	1984.05	0.985484	7.73644	0.730268	1545.7	188.325	BCD
BCD_90	2618.64	0.989494	8.01826	0.733876	1945.6	174.041	BCD
BCD_99	1640.08	0.985766	7.26756	0.703335	1289.9	141.268	BCD
DY_104	2773.99	0.978712	7.85456	0.7172	1980.7	166.771	DY
DY_105	1749.9	0.992515	8.5119	0.802583	1558.2	157.259	DY
DY_106	2319.77	0.977838	7.67711	0.712238	1757	149.403	DY
DY_10	714.841	0.983499	7.24181	0.767663	691.5	82.626	DY
DY_116	2558.36	0.982598	7.98347	0.731747	1924.4	163.517	DY
DY_125	2732.54	0.99313	8.58971	0.778592	2094.5	200.486	DY
DY_13	2050.86	0.985828	7.92296	0.744414	1599.4	164.229	DY
DY_132	2037.49	0.983443	7.89904	0.74039	1627.9	146.304	DY
DY_134	2625.13	0.985963	7.94095	0.727358	1934.3	152.269	DY
DY_137	1292.13	0.988115	8.00074	0.781739	1204.8	149.243	DY
DY_138	2860.26	0.995072	8.91585	0.800276	2258.3	218.855	DY
DY_14	1980.42	0.979718	7.76148	0.725821	1655.9	232.927	DY
DY_142	1900.18	0.99237	8.31433	0.785897	1530.2	146.476	DY
DY_143	2846.23	0.995407	9.27388	0.825006	2420.4	236.377	DY
DY_22	3785.79	0.990209	8.97923	0.782135	2857.4	231.018	DY
DY_23	1218.69	0.990113	7.96971	0.783753	1151	122.715	DY
DY_33	2952.08	0.993001	8.92136	0.79403	2411.3	205.392	DY
DY_4	1331.93	0.989934	7.9458	0.778624	1180.3	121.898	DY
DY_42	3804.11	0.989589	8.85217	0.771754	2837.1	237.743	DY
DY_48	315.273	0.930593	5.0973	0.617057	306.7	48.219	DY
DY_53	4091.95	0.995442	9.27862	0.798358	3152.2	381.502	DY
DY_54	3195.4	0.985112	8.21693	0.736964	2272	183.994	DY
DY_55	1045.58	0.984571	7.60618	0.765336	981.2	113.429	DY
DY_56	2533.07	0.9896	8.22944	0.753421	1941.3	176.788	DY
DY_57	3167.76	0.950487	7.48612	0.668809	2341.5	199.129	DY
DY_59	3796.51	0.991898	8.99941	0.780015	2972.6	233.951	DY
DY_60	2720.01	0.943628	7.19778	0.654096	2054	171.811	DY
DY_61	3445.55	0.994924	9.12177	0.800675	2688.6	229.39	DY
DY_64	1943.22	0.992296	8.31279	0.782778	1573.4	157.583	DY
DY_82	489.452	0.952879	5.45263	0.619038	448.3	70.7351	DY
JZ_A_108	788.137	0.779041	4.83754	0.508916	726.9	95.7995	JZ
JZ_A_116	927.245	0.978818	7.16334	0.730561	894.7	104.023	JZ
JZ_A_142	724.817	0.960619	6.21598	0.660202	682.8	94.2849	JZ
JZ_A_172	1071.94	0.710554	4.01277	0.408012	913.3	70.8567	JZ
JZ_A_193	1001.1	0.600038	3.38685	0.350733	807.2	89.8923	JZ
JZ_A_198	989.488	0.777941	4.33608	0.44865	811.7	93.4222	JZ
JZ_A_201	929.737	0.620407	3.61536	0.377044	770	101.611	JZ
JZ_A_207	940.446	0.68328	4.04505	0.423411	751.5	87.1028	JZ
JZ_A_229	870.94	0.715837	3.77003	0.396765	725.1	68.8665	JZ
JZ_A_235	1018.12	0.873393	5.15634	0.529811	850.7	114.199	JZ
JZ_A_49	1311.02	0.978705	7.18972	0.704073	1185.8	137.733	JZ
JZ_A_90	616.981	0.566573	3.23139	0.353961	560	85.772	JZ
JZ_B_10	2119.81	0.993794	8.79003	0.803584	1962.6	191.301	JZ
JZ_B_11	1912.14	0.990953	8.27669	0.772119	1686.1	168.628	JZ
JZ_B_20	2339.07	0.990561	8.37423	0.76648	1945.1	189.556	JZ
JZ_B_25	2385.46	0.989361	8.1732	0.745904	1988.5	199.499	JZ
JZ_B_44	1175.46	0.946577	6.6583	0.657192	1121.7	173.639	JZ
JZ_B_46	1370.45	0.978934	7.50507	0.725598	1299.1	138.417	JZ
JZ_B_59	2094.25	0.99013	8.45599	0.776598	1895.7	182.464	JZ
JZ_B_62	2486.38	0.992903	8.63933	0.780881	2140.3	241.093	JZ
JZ_B_6	2339.13	0.992612	8.67756	0.789131	2042.9	231.933	JZ
JZ_B_68	2364.89	0.988155	8.19286	0.748768	1967.1	200.74	JZ
JZ_B_80	892.9	0.956375	6.23435	0.64465	815.2	95.8841	JZ
JZ_B_83	2138.52	0.983665	7.9756	0.73307	1884.2	185.604	JZ
JZ_B_92	2326.77	0.992032	8.48037	0.773657	1994	257.713	JZ
JZ_C_11	1468.09	0.977827	7.54294	0.724187	1366	141.362	JZ
JZ_C_17	3066.23	0.993253	8.91213	0.784005	2642.1	273.893	JZ
JZ_C_31	1546.26	0.98921	8.11144	0.772414	1449.6	226.859	JZ
JZ_C_4	2210.3	0.98713	8.17521	0.751412	1884.3	249.1	JZ
JZ_C_43	1504.13	0.987433	8.07271	0.769222	1442.8	148.002	JZ
JZ_C_46	1963.57	0.985602	7.98737	0.743015	1722.1	173.53	JZ
JZ_C_47	1763.15	0.976642	7.52595	0.707221	1597.5	165.991	JZ
JZ_C_51	2037.46	0.994469	8.7885	0.808559	1870.7	251.738	JZ
JZ_C_59	987.582	0.951392	6.19416	0.631567	896.2	160.481	JZ
JZ_C_65	1565.84	0.977575	7.43889	0.708976	1440.6	228.193	JZ
JZ_C_66	2471.91	0.991338	8.59578	0.775962	2161.2	202.141	JZ
JZ_C_68	3291.41	0.99132	8.6383	0.763137	2555.7	209.917	JZ
JZ_C_72	1955.36	0.976228	7.45873	0.696413	1675.4	168.863	JZ
JZ_C_75	1164.04	0.983005	7.40972	0.734394	1089.6	121.436	JZ
JZ_C_77	2066.52	0.979424	7.67266	0.715326	1693.9	172.971	JZ
JZ_C_80	1507.02	0.972815	7.34516	0.704665	1373.5	155.104	JZ
JZ_C_82	1311.18	0.982988	7.64116	0.742323	1255.1	154.441	JZ
JZ_C_86	1475.89	0.968566	7.01721	0.675877	1334.8	157.108	JZ
JZ_C_89	1464.75	0.976021	7.26653	0.700437	1327.3	145.233	JZ
JZ_C_90	1799.17	0.978319	7.45824	0.70062	1601.5	160.317	JZ
JZ_C_94	1566.24	0.976755	7.27041	0.699223	1349.2	146.504	JZ
JZ_C_96	923.993	0.983758	7.32408	0.748158	885	103.634	JZ
JZ_D_10	2341.74	0.980324	7.52244	0.693579	1840.5	181.291	JZ
JZ_D_12	1612.75	0.985864	7.60176	0.723088	1461.2	166.83	JZ
JZ_D_1	2445.51	0.982701	7.6362	0.703283	1856	184.384	JZ
JZ_D_15	1419.99	0.985827	7.76448	0.747688	1336.9	145.72	JZ
JZ_D_17	1790.96	0.980995	7.52886	0.713995	1493.8	141.317	JZ
JZ_D_19	2248.46	0.977678	7.51209	0.698813	1722	172.963	JZ
JZ_D_22	1937.05	0.974616	7.12394	0.677913	1457	158.317	JZ
JZ_D_23	2029.91	0.970938	7.23567	0.679967	1597.1	147.792	JZ
JZ_D_28	1707.08	0.984115	7.57906	0.722223	1442.3	155.672	JZ
JZ_D_29	987.085	0.983417	7.30421	0.739119	943.8	115.401	JZ
JZ_D_30	2076.12	0.939672	6.73528	0.633073	1594.8	172.659	JZ
JZ_D_31	1660.15	0.976922	7.15233	0.684852	1392.7	153.754	JZ
JZ_D_32	1799.15	0.966004	6.74431	0.64673	1378	140.62	JZ
JZ_D_33	667.978	0.945197	5.90933	0.634473	636.4	72.1179	JZ
JZ_D_38	1997.53	0.973685	7.23856	0.686015	1501	155.254	JZ
JZ_D_41	1003.01	0.979772	7.32047	0.737397	973.8	113.159	JZ
JZ_D_42	1266.38	0.967421	7.00226	0.686862	1171.9	131.311	JZ
JZ_D_4	2408.43	0.982309	7.61863	0.70173	1854.7	176.614	JZ
JZ_D_43	1563.85	0.978258	7.16191	0.687978	1360.7	171.633	JZ
JZ_D_44	2334.99	0.986304	8.16218	0.748502	1917.1	184.244	JZ
JZ_D_45	2143.62	0.966845	7.08895	0.665263	1613.4	162.638	JZ
JZ_D_46	2072.87	0.979277	7.49716	0.701291	1652.7	164.423	JZ
JZ_D_47	1735.9	0.975316	7.19254	0.685886	1434.7	146.446	JZ
JZ_D_49	2116.94	0.983329	7.56439	0.705946	1681.2	161.809	JZ
JZ_D_51	2110.68	0.97514	7.22705	0.677231	1631	178.912	JZ
JZ_D_53	787.987	0.939383	5.56238	0.59407	658.6	134.671	JZ
JZ_D_55	2370.47	0.989968	8.36606	0.763506	1988.5	202.738	JZ
JZ_D_57	860.356	0.964384	6.52753	0.674136	821.9	109.673	JZ
JZ_D_58	1642.39	0.985276	7.57757	0.726604	1378.4	161.067	JZ
JZ_D_6	2444.52	0.981045	7.59404	0.701665	1811.6	176.439	JZ
JZ_D_9	1290.81	0.977779	7.40738	0.726196	1176.5	129.914	JZ
QD_106	1982.24	0.985296	7.70461	0.722417	1623.7	165.822	QD
QD_107	1802.45	0.968843	6.69072	0.642877	1358.2	132.648	QD
QD_109	2756.35	0.981105	7.62236	0.696476	1970.4	237.113	QD
QD_111	2965.52	0.983905	7.87821	0.710993	2165.7	194.385	QD
QD_116	2520	0.985474	7.92966	0.728567	1889.7	161.751	QD
QD_117	2812.46	0.981805	7.66021	0.699875	1971.8	218.682	QD
QD_16	2788.12	0.981634	7.86479	0.712763	2097.2	215.757	QD
QD_17	3099.45	0.989358	8.35038	0.746854	2321.4	217.743	QD
QD_18	1197.14	0.987699	7.56809	0.753129	1059.3	213.671	QD
QD_23	2533.57	0.98651	7.95241	0.728705	1928.3	166.683	QD
QD_25	2432.3	0.984351	7.86615	0.724741	1850.6	162.131	QD
QD_27	2311.97	0.986509	8.03804	0.739681	1867.6	170.792	QD
QD_38	2981.16	0.98659	8.1138	0.726865	2292.6	176.335	QD
QD_42	2065.65	0.98478	7.66242	0.71735	1642.4	135.113	QD
QD_46	2873.56	0.987714	8.17549	0.741474	2085.3	178.957	QD
QD_47	2051.08	0.97611	7.25198	0.685361	1532.1	134.887	QD
QD_55	1954.99	0.97934	7.54095	0.708122	1606	156.852	QD
QD_59	3258.39	0.992136	8.74188	0.777264	2430.5	241.6	QD
QD_65	4067.81	0.990953	8.92383	0.772657	2997.6	222.653	QD
QD_70	2709.29	0.988154	8.15537	0.737585	2130.4	210.166	QD
QD_73	3078.74	0.992914	8.71131	0.773509	2456	204.751	QD
QD_77	3077.7	0.981465	7.9198	0.711376	2246	213.89	QD
QD_82	3887.08	0.990964	8.65131	0.757751	2734.7	249.252	QD
QD_85	2056.53	0.982868	7.35256	0.693411	1555.9	228.346	QD
QD_89	2637.38	0.979231	7.23343	0.669412	1789.9	192.833	QD
QD_92	1818.97	0.962251	6.64845	0.635023	1418.1	176.097	QD
QD_93	2238.53	0.980417	7.34493	0.6864	1664.3	153.978	QD
QD_95	3248.07	0.985852	8.15418	0.724655	2439.8	254.121	QD
QD_98	3026.75	0.989497	8.21756	0.739187	2221.1	206.965	QD
QD_99	3173.16	0.987638	8.07967	0.726042	2238.7	191.014	QD
SZ_103	1530.53	0.981102	7.73043	0.736194	1448.7	201.688	SZ
SZ_109	1005.09	0.952969	6.33219	0.638506	966.9	143.151	SZ
SZ_112	2277.97	0.987269	8.25011	0.750522	2037.4	248.561	SZ
SZ_14	1643.54	0.987408	8.12747	0.768558	1525.4	152.378	SZ
SZ_21	1028.41	0.975076	7.08354	0.713116	977.7	107.016	SZ
SZ_3	1824.02	0.983092	7.96408	0.744193	1665.4	175.275	SZ
SZ_32	1185.72	0.971385	7.16482	0.706577	1128.5	125.815	SZ
SZ_41	1397.19	0.965857	7.43596	0.715047	1350.5	176.674	SZ
SZ_42	958.214	0.948613	6.16657	0.633274	853.8	107.214	SZ
SZ_54	1221.2	0.973574	7.43059	0.728373	1177.6	137.695	SZ
SZ_55	2055.57	0.990357	8.56175	0.786946	1884.2	206.644	SZ
SZ_57	1534.94	0.979328	7.84933	0.746002	1470.3	154.238	SZ
SZ_67	1339.46	0.981772	7.59539	0.73623	1275.3	126.741	SZ
SZ_71	2644.78	0.991463	8.9521	0.790419	2566.8	233.414	SZ
SZ_86	1103.68	0.968127	7.18302	0.714402	1063.5	162.821	SZ
SZ_90	1586.54	0.987295	8.02543	0.761958	1481.3	159.515	SZ
SZ_9	1237.12	0.962422	7.08425	0.693694	1186.4	129.394	SZ
SZ_95	1514.1	0.991881	8.41772	0.800147	1468.6	147.688	SZ
WFD_11	1375.21	0.98832	7.86368	0.763126	1264.7	125.683	WFD
WFD_14	2863.28	0.992075	8.42372	0.763272	2100.3	219.311	WFD
WFD_15	3956.59	0.991881	8.72254	0.761303	2812.1	240.442	WFD
WFD_17	2869.64	0.993402	8.64685	0.779121	2192.3	194.165	WFD
WFD_18	2418.53	0.991688	8.42201	0.768111	1998.4	190.666	WFD
WFD_22	2857.11	0.991814	8.45812	0.762631	2181	221.33	WFD
WFD_26	1561.66	0.98746	7.59648	0.732878	1319.1	159.705	WFD
WFD_30	2487.68	0.989724	8.1726	0.75213	1866.4	203.806	WFD
WFD_34	2644.71	0.991408	8.28787	0.758018	1956	181.396	WFD
WFD_3	708.152	0.935967	5.32132	0.576045	603.8	95.9142	WFD
WFD_37	3310.39	0.993336	8.88813	0.785381	2551.3	231.949	WFD
WFD_38	3045.53	0.991102	8.27979	0.746608	2179.8	271.308	WFD
WFD_40	2438.77	0.988981	8.20224	0.751775	1924.9	178.941	WFD
WFD_42	2599.31	0.989717	8.21376	0.747969	2021.8	228.743	WFD
WFD_4	2926.04	0.991783	8.41774	0.762304	2109.5	193.875	WFD
WFD_44	2085.34	0.991059	8.17408	0.76088	1713.8	212.806	WFD
WFD_48	3405.55	0.991998	8.5875	0.763656	2427.5	219.237	WFD
WFD_50	2573.94	0.992951	8.52425	0.776351	2019.7	195.275	WFD
WFD_53	2565.33	0.993487	8.69722	0.787572	2110.2	186.114	WFD
WFD_54	1965.77	0.992137	8.37145	0.777647	1740.3	180.366	WFD
WFD_5	4270.59	0.99373	8.97482	0.777717	2977.7	248.156	WFD
WFD_58	3196.22	0.993162	8.72643	0.776167	2423.7	214.732	WFD
WFD_59	3690.32	0.994072	9.26455	0.805356	2903.7	245.74	WFD
WFD_61	2328.45	0.990104	8.03006	0.742763	1796.7	169.693	WFD
WFD_6	3012.53	0.988634	8.12044	0.730489	2220.3	333.12	WFD
WFD_64	2269.91	0.990961	8.31884	0.766986	1840.9	175.432	WFD
WFD_68	2186.31	0.992747	8.42321	0.779365	1792.6	170.271	WFD
WFD_70	3790.32	0.9941	8.9882	0.783217	2848.6	230.743	WFD
WFD_71	1763.05	0.989592	8.23178	0.773707	1595.1	151.058	WFD
WFD_74	3210.57	0.991873	8.50433	0.759113	2357.5	227.222	WFD
WFD_79	1760.18	0.979218	7.41327	0.704004	1478.8	231.284	WFD
WFD_83	3137.75	0.995021	9.02188	0.799471	2495	277.806	WFD
WFD_8	3397.4	0.993875	8.93969	0.788373	2591.3	202.909	WFD
WFD_87	1430.48	0.991321	8.0886	0.781489	1305.4	134.609	WFD
WFD_92	1698.23	0.991364	8.1717	0.776582	1471.1	149.927	WFD
WFD_94	1106.49	0.990737	7.98367	0.792041	1082.3	119.903	WFD
WFD_9	647.372	0.935799	5.28782	0.578601	563.8	155.468	WFD
XP_102	928.03	0.978653	7.24931	0.737907	906.5	107.145	XP
XP_107	2662.94	0.982701	7.93016	0.717114	2132.7	192.528	XP
XP_1	1629.31	0.951046	7.26785	0.688416	1506.9	180.596	XP
XP_117	2927.59	0.984281	7.94701	0.713273	2259.3	177.747	XP
XP_125	2104.24	0.960804	7.11236	0.660235	1749.2	147.746	XP
XP_127	237.645	0.889337	4.40201	0.560867	230.5	41.9568	XP
XP_131	389.69	0.881841	4.30648	0.508413	354.7	54.2984	XP
XP_132	2012.73	0.982351	8.20338	0.756087	1845.5	163.612	XP
XP_135	627.166	0.934511	5.17789	0.574047	519.2	73.4809	XP
XP_137	2922.48	0.978002	8.14021	0.721609	2487.8	199.897	XP
XP_141	1597.43	0.977587	7.61495	0.725507	1444.2	195.581	XP
XP_15	610.27	0.893831	4.63231	0.512142	528.3	75.8424	XP
XP_18	2256.05	0.976773	7.55624	0.688652	2009.4	150.365	XP
XP_19	2703.59	0.981947	8.33849	0.743958	2366.1	238.196	XP
XP_21	582.388	0.930325	5.05116	0.561976	507.9	105.887	XP
XP_29	816.061	0.865956	4.09866	0.439004	646.5	81.5785	XP
XP_4	2509.76	0.991119	8.63833	0.778924	2180	221.711	XP
XP_47	1589.32	0.980617	7.52805	0.724386	1344.1	120.089	XP
XP_50	851.749	0.876387	4.34997	0.456098	743.1	77.2002	XP
XP_51	3031.82	0.981002	7.89275	0.69796	2536	178.95	XP
XP_54	1778.73	0.939617	6.36164	0.60234	1511.3	124.51	XP
XP_57	2190.16	0.987054	7.93205	0.73251	1818.6	153.839	XP
XP_68	3107.6	0.99364	8.8456	0.782201	2536.5	329.542	XP
XP_70	2616.26	0.973562	7.47436	0.680332	2028.7	187.733	XP
XP_78	566.818	0.933611	5.10986	0.572229	487.7	62.4269	XP
XP_8	2391.8	0.977467	8.13923	0.736082	2131.3	257.454	XP
XP_85	607.992	0.938051	5.20603	0.576858	520.9	114.375	XP
XP_87	2649.09	0.973497	7.23305	0.650715	2218.8	146.771	XP
XP_89	613.381	0.940201	5.22656	0.579227	520.4	70.8807	XP
XP_94	1535.75	0.963326	6.77625	0.649591	1381.1	128.417	XP
XP_96	2592.9	0.989439	8.47672	0.761604	2241.3	222.907	XP
XP_98	3225.71	0.976972	7.87217	0.692585	2640.1	264.459	XP
XP_99	1170.31	0.901332	4.81545	0.488907	922.6	98.2308	XP
YT_100	1808.36	0.988593	7.92358	0.747466	1552.8	158.516	YT
YT_101	1576.05	0.97994	7.66608	0.73285	1409.2	139.419	YT
YT_10	1728.89	0.986022	8.06021	0.758383	1582.7	222.512	YT
YT_1	1028.08	0.906963	5.97862	0.603421	960.7	198.785	YT
YT_11	3630.14	0.992139	8.81683	0.771401	2758.5	269.679	YT
YT_119	2327.61	0.989616	8.37774	0.764806	1983.9	187.547	YT
YT_121	2089.22	0.960222	7.57394	0.702213	1765.5	179.642	YT
YT_26	2338.1	0.991118	8.32638	0.762864	1930.4	183.864	YT
YT_37	1015.61	0.950128	6.0153	0.613764	891.9	144.42	YT
YT_44	3164.42	0.992374	8.70045	0.772357	2460.7	249.561	YT
YT_45	1915.45	0.988615	7.98437	0.74737	1644.4	210.582	YT
YT_46	1834.8	0.990298	8.09968	0.760491	1607.5	152.92	YT
YT_48	4320.16	0.993625	9.10018	0.778109	3316.1	337.95	YT
YT_50	4845.13	0.994605	9.29413	0.787227	3581.1	265.294	YT
YT_5	3542.83	0.992604	8.71176	0.767379	2615.1	217.059	YT
YT_55	3030.2	0.992126	8.62941	0.771145	2337	205.864	YT
YT_58	3241.88	0.991187	8.69804	0.768107	2563.7	225.416	YT
YT_61	3638.34	0.991434	8.84525	0.773241	2776.9	245.318	YT
YT_66	1850.71	0.983647	7.66871	0.719551	1615.4	175.13	YT
YT_68	2159.82	0.989706	8.00331	0.745506	1704.9	150.491	YT
YT_69	3729.09	0.989381	8.57739	0.752597	2696.9	223.151	YT
YT_70	2544.69	0.988693	7.98847	0.732467	1919.2	174.788	YT
YT_74	463.54	0.564461	2.96496	0.33941	426.3	112.08	YT
YT_75	2791.18	0.987851	8.42389	0.758807	2197.4	234.323	YT
YT_89	492.527	0.933033	5.13548	0.586346	433.1	114.843	YT
YT_90	2913.01	0.987591	8.11967	0.732149	2180.2	249.127	YT
YT_93	2582.45	0.984907	8.06926	0.736171	1993.6	181.017	YT
YT_94	1966.77	0.960367	7.01337	0.660864	1565.6	147.22	YT
YT_96	3346.73	0.973921	7.78852	0.691469	2458.9	185.821	YT
YT_97	2479.58	0.98754	8.00491	0.736296	1874	169.101	YT
YT_99	2258.02	0.991276	8.34854	0.768213	1868.3	173.966	YT